
 
 
 PAW TEST:
 ========= Values of RHOIJ before symetrization =========
 
 Atom #  1
   4.58445   1.11492   0.35170  -0.63816   0.18270   0.00443  -0.00240   0.00115  -0.17401   0.33245  -0.03370   0.22973 ...
   1.11492   0.37206   0.10952  -0.18976   0.06360  -0.00026   0.00052  -0.00081  -0.05625   0.09922  -0.00913   0.07036 ...
   0.35170   0.10952   0.99216  -0.07226   0.05540   0.01368  -0.00192   0.00036  -0.00545  -0.02644   0.01176  -0.06384 ...
  -0.63816  -0.18976  -0.07226   0.89425  -0.05627  -0.00212   0.01296  -0.00171  -0.07925   0.02603  -0.03630   0.02557 ...
   0.18270   0.06360   0.05540  -0.05627   0.88963   0.00274  -0.00365   0.01127  -0.00065  -0.07320   0.01435  -0.03135 ...
   0.00443  -0.00026   0.01368  -0.00212   0.00274   0.00332  -0.00088   0.00086   0.00220  -0.00365  -0.00347  -0.00120 ...
  -0.00240   0.00052  -0.00192   0.01296  -0.00365  -0.00088   0.00344  -0.00106  -0.00177   0.00233   0.00328   0.00063 ...
   0.00115  -0.00081   0.00036  -0.00171   0.01127   0.00086  -0.00106   0.00251   0.00155  -0.00143  -0.00099  -0.00163 ...
  -0.17401  -0.05625  -0.00545  -0.07925  -0.00065   0.00220  -0.00177   0.00155   1.97372   0.01071   0.00402   0.00907 ...
   0.33245   0.09922  -0.02644   0.02603  -0.07320  -0.00365   0.00233  -0.00143   0.01071   1.97553  -0.00115  -0.01037 ...
  -0.03370  -0.00913   0.01176  -0.03630   0.01435  -0.00347   0.00328  -0.00099   0.00402  -0.00115   1.98573  -0.00040 ...
   0.22973   0.07036  -0.06384   0.02557  -0.03135  -0.00120   0.00063  -0.00163   0.00907  -0.01037  -0.00040   1.97872 ...
   ...  only 12  components have been written...
 Atom #  7
   1.97544   0.16678   0.00672   0.00586   0.00292  -0.01557  -0.01380  -0.01177   0.01715   0.02458   0.00047   0.01826 ...
   0.16678   1.46751  -0.00812   0.01082  -0.00426  -0.01886  -0.01588  -0.00899   0.02564   0.04666  -0.00282   0.00084 ...
   0.00672  -0.00812   1.98580  -0.00440  -0.00074  -0.00414   0.00957   0.00988   0.00024  -0.00748  -0.00024  -0.01790 ...
   0.00586   0.01082  -0.00440   1.98926  -0.00051   0.00877  -0.01098   0.00559  -0.01690   0.00170  -0.00564  -0.00143 ...
   0.00292  -0.00426  -0.00074  -0.00051   1.99073   0.00669   0.00466  -0.01249  -0.00018  -0.01664  -0.00341  -0.00415 ...
  -0.01557  -0.01886  -0.00414   0.00877   0.00669   0.02339   0.00488   0.00227  -0.00641  -0.00120  -0.01596   0.02093 ...
  -0.01380  -0.01588   0.00957  -0.01098   0.00466   0.00488   0.02202   0.00215   0.02303   0.00006   0.01147  -0.00062 ...
  -0.01177  -0.00899   0.00988   0.00559  -0.01249   0.00227   0.00215   0.01916   0.01227   0.02197  -0.00770  -0.00341 ...
   0.01715   0.02564   0.00024  -0.01690  -0.00018  -0.00641   0.02303   0.01227   1.05554  -0.05538  -0.03137  -0.03217 ...
   0.02458   0.04666  -0.00748   0.00170  -0.01664  -0.00120   0.00006   0.02197  -0.05538   1.07938   0.01597  -0.01607 ...
   0.00047  -0.00282  -0.00024  -0.00564  -0.00341  -0.01596   0.01147  -0.00770  -0.03137   0.01597   1.37151   0.07228 ...
   0.01826   0.00084  -0.01790  -0.00143  -0.00415   0.02093  -0.00062  -0.00341  -0.03217  -0.01607   0.07228   1.12112 ...
   ...  only 12  components have been written...
 
 
 PAW TEST:
 ========= Values of RHOIJ after symetrization =========
 
 Atom #  1
   4.58445   1.11492   0.35170  -0.63816   0.18270   0.00443  -0.00240   0.00115  -0.17401   0.33245  -0.03370   0.22973 ...
   1.11492   0.37206   0.10952  -0.18976   0.06360  -0.00026   0.00052  -0.00081  -0.05625   0.09922  -0.00913   0.07036 ...
   0.35170   0.10952   0.99216  -0.07226   0.05540   0.01368  -0.00192   0.00036  -0.00545  -0.02644   0.01176  -0.06384 ...
  -0.63816  -0.18976  -0.07226   0.89425  -0.05627  -0.00212   0.01296  -0.00171  -0.07925   0.02603  -0.03630   0.02557 ...
   0.18270   0.06360   0.05540  -0.05627   0.88963   0.00274  -0.00365   0.01127  -0.00065  -0.07320   0.01435  -0.03135 ...
   0.00443  -0.00026   0.01368  -0.00212   0.00274   0.00332  -0.00088   0.00086   0.00220  -0.00365  -0.00347  -0.00120 ...
  -0.00240   0.00052  -0.00192   0.01296  -0.00365  -0.00088   0.00344  -0.00106  -0.00177   0.00233   0.00328   0.00063 ...
   0.00115  -0.00081   0.00036  -0.00171   0.01127   0.00086  -0.00106   0.00251   0.00155  -0.00143  -0.00099  -0.00163 ...
  -0.17401  -0.05625  -0.00545  -0.07925  -0.00065   0.00220  -0.00177   0.00155   1.97372   0.01071   0.00402   0.00907 ...
   0.33245   0.09922  -0.02644   0.02603  -0.07320  -0.00365   0.00233  -0.00143   0.01071   1.97553  -0.00115  -0.01037 ...
  -0.03370  -0.00913   0.01176  -0.03630   0.01435  -0.00347   0.00328  -0.00099   0.00402  -0.00115   1.98573  -0.00040 ...
   0.22973   0.07036  -0.06384   0.02557  -0.03135  -0.00120   0.00063  -0.00163   0.00907  -0.01037  -0.00040   1.97872 ...
   ...  only 12  components have been written...
 Atom #  7
   1.97544   0.16678   0.00672   0.00586   0.00292  -0.01557  -0.01380  -0.01177   0.01715   0.02458   0.00047   0.01826 ...
   0.16678   1.46751  -0.00812   0.01082  -0.00426  -0.01886  -0.01588  -0.00899   0.02564   0.04666  -0.00282   0.00084 ...
   0.00672  -0.00812   1.98580  -0.00440  -0.00074  -0.00414   0.00957   0.00988   0.00024  -0.00748  -0.00024  -0.01790 ...
   0.00586   0.01082  -0.00440   1.98926  -0.00051   0.00877  -0.01098   0.00559  -0.01690   0.00170  -0.00564  -0.00143 ...
   0.00292  -0.00426  -0.00074  -0.00051   1.99073   0.00669   0.00466  -0.01249  -0.00018  -0.01664  -0.00341  -0.00415 ...
  -0.01557  -0.01886  -0.00414   0.00877   0.00669   0.02339   0.00488   0.00227  -0.00641  -0.00120  -0.01596   0.02093 ...
  -0.01380  -0.01588   0.00957  -0.01098   0.00466   0.00488   0.02202   0.00215   0.02303   0.00006   0.01147  -0.00062 ...
  -0.01177  -0.00899   0.00988   0.00559  -0.01249   0.00227   0.00215   0.01916   0.01227   0.02197  -0.00770  -0.00341 ...
   0.01715   0.02564   0.00024  -0.01690  -0.00018  -0.00641   0.02303   0.01227   1.05554  -0.05538  -0.03137  -0.03217 ...
   0.02458   0.04666  -0.00748   0.00170  -0.01664  -0.00120   0.00006   0.02197  -0.05538   1.07938   0.01597  -0.01607 ...
   0.00047  -0.00282  -0.00024  -0.00564  -0.00341  -0.01596   0.01147  -0.00770  -0.03137   0.01597   1.37151   0.07228 ...
   0.01826   0.00084  -0.01790  -0.00143  -0.00415   0.02093  -0.00062  -0.00341  -0.03217  -0.01607   0.07228   1.12112 ...
   ...  only 12  components have been written...
 
 Total charge density [el/Bohr^3]
      Maximum=    2.2129E+00  at reduced coord.    0.5000    0.2556    0.1556
      Minimum=   -3.0403E-02  at reduced coord.    0.8778    0.6222    0.1778
   Integrated=    6.2448E+02
 ETOT  100  -2712.8097851423     7.642E-01 4.393E-01 7.648E-01
 scprqt: <Vxc>= -3.5189199E-01 hartree
 Computing residual forces using atomic densities taken from pseudos
 
 Cartesian components of stress tensor (hartree/bohr^3)
  sigma(1 1)=  5.17065664E-05  sigma(3 2)=  9.98463148E-06
  sigma(2 2)=  3.32842932E-05  sigma(3 1)=  5.60168568E-06
  sigma(3 3)=  4.73479377E-05  sigma(2 1)=  2.37257441E-07
 

--- !ScfConvergenceWarning
message: |
    nstep 100 was not enough SCF cycles to converge.
...
 
 scprqt:  WARNING -
  nstep=  100 was not enough SCF cycles to converge;
  density residual=  7.648E-01 exceeds tolvrs=  1.000E-06
 
- Creating HDf5 file with MPI-IO support: tmp/den_o_GSR.nc
application called MPI_Abort(MPI_COMM_WORLD, 13) - process 27
application called MPI_Abort(MPI_COMM_WORLD, 13) - process 28
application called MPI_Abort(MPI_COMM_WORLD, 13) - process 29
application called MPI_Abort(MPI_COMM_WORLD, 13) - process 31
application called MPI_Abort(MPI_COMM_WORLD, 13) - process 32
application called MPI_Abort(MPI_COMM_WORLD, 13) - process 33
application called MPI_Abort(MPI_COMM_WORLD, 13) - process 46
application called MPI_Abort(MPI_COMM_WORLD, 13) - process 47
application called MPI_Abort(MPI_COMM_WORLD, 13) - process 48
application called MPI_Abort(MPI_COMM_WORLD, 13) - process 49
