
.Version 6.2.2  of ABINIT 
.(MPI version, prepared for a x86_64_linux_gnu4.4 computer) 

.Copyright (C) 1998-2010 ABINIT group . 
 ABINIT comes with ABSOLUTELY NO WARRANTY.
 It is free software, and you are welcome to redistribute it
 under certain conditions (GNU General Public License,
 see ~abinit/COPYING or http://www.gnu.org/copyleft/gpl.txt).

 ABINIT is a project of the Universite Catholique de Louvain,
 Corning Inc. and other collaborators, see ~abinit/doc/developers/contributors.txt .
 Please read ~abinit/doc/users/acknowledgments.html for suggested
 acknowledgments of the ABINIT effort.
 For more information, see http://www.abinit.org .

.Starting date : Wed 25 Aug 2010.
  
- input  file    -> test.in
- output file    -> testx.out
- root for input  files -> testxi
- root for output files -> testxo


 Magnetic group, Shubnikov type IV
 Fedorov space group R-3 m (#166)
 Magnetic Bravais lattice hR_I (rhombohedral, centered magnetic, #31)
================================================================================
 Values of the parameters that define the memory need of the present run
   intxc =         0  ionmov =         0    iscf =         7 xclevel =         2
  lmnmax =        18   lnmax =         6   mband =        30  mffmem =         1
P  mgfft =        60   mkmem =         1 mpssoang=         3     mpw =      1961
  mqgrid =      3001   natom =         4    nfft =     54000    nkpt =        10
  nloalg =         4  nspden =         2 nspinor =         1  nsppol =         1
    nsym =        24  n1xccc =         1  ntypat =         2  occopt =         7
 PAW method is used; the additional fine FFT grid is defined by:
   mgfftf=        80    nfftf =    128000
================================================================================
P This job should need less than                     110.921 Mbytes of memory.
  Rough estimation (10% accuracy) of disk space for files :
  WF disk file :      8.979 Mbytes ; DEN or POT disk file :      0.979 Mbytes.
================================================================================

 -outvars: echo values of preprocessed input variables --------
            acell    7.9200000000E+00  7.9200000000E+00  7.9200000000E+00 Bohr
              amu    5.86900000E+01  1.59994000E+01
      chksymbreak         0
             ecut    3.00000000E+01 Hartree
             iscf         7
              ixc        11
              kpt    1.25000000E-01  1.25000000E-01  2.50000000E-01
                     3.75000000E-01  1.25000000E-01  2.50000000E-01
                    -3.75000000E-01  1.25000000E-01  2.50000000E-01
                    -1.25000000E-01  1.25000000E-01  2.50000000E-01
                     3.75000000E-01  3.75000000E-01  2.50000000E-01
                    -3.75000000E-01  3.75000000E-01  2.50000000E-01
                    -1.25000000E-01  3.75000000E-01  2.50000000E-01
                    -3.75000000E-01 -3.75000000E-01  2.50000000E-01
                    -1.25000000E-01 -3.75000000E-01  2.50000000E-01
                    -1.25000000E-01 -1.25000000E-01  2.50000000E-01
          kptrlen    2.24011428E+01
         kptrlatt    4  0  0   0  4  0   0  0  2
P           mkmem         1
            natom         4
            nband        30
            ngfft        30      30      60
          ngfftdg        40      40      80
             nkpt        10
           nspden         2
            nstep       120
             nsym        24
           ntypat         2
              occ    2.000000  2.000000  2.000000  2.000000  2.000000  2.000000
                     2.000000  2.000000  2.000000  2.000000  2.000000  2.000000
                     2.000000  2.000000  2.000000  2.000000  0.000000  0.000000
                     0.000000  0.000000  0.000000  0.000000  0.000000  0.000000
                     0.000000  0.000000  0.000000  0.000000  0.000000  0.000000
                     2.000000  2.000000  2.000000  2.000000  2.000000  2.000000
                     2.000000  2.000000  2.000000  2.000000  2.000000  2.000000
                     2.000000  2.000000  2.000000  2.000000  0.000000  0.000000
                     0.000000  0.000000  0.000000  0.000000  0.000000  0.000000
                     0.000000  0.000000  0.000000  0.000000  0.000000  0.000000
                     2.000000  2.000000  2.000000  2.000000  2.000000  2.000000
                     2.000000  2.000000  2.000000  2.000000  2.000000  2.000000
                     2.000000  2.000000  2.000000  2.000000  0.000000  0.000000
                     0.000000  0.000000  0.000000  0.000000  0.000000  0.000000
                     0.000000  0.000000  0.000000  0.000000  0.000000  0.000000
                     2.000000  2.000000  2.000000  2.000000  2.000000  2.000000
                     2.000000  2.000000  2.000000  2.000000  2.000000  2.000000
                     2.000000  2.000000  2.000000  2.000000  0.000000  0.000000
                     0.000000  0.000000  0.000000  0.000000  0.000000  0.000000
                     0.000000  0.000000  0.000000  0.000000  0.000000  0.000000
                     2.000000  2.000000  2.000000  2.000000  2.000000  2.000000
                     2.000000  2.000000  2.000000  2.000000  2.000000  2.000000
                     2.000000  2.000000  2.000000  2.000000  0.000000  0.000000
                     0.000000  0.000000  0.000000  0.000000  0.000000  0.000000
                     0.000000  0.000000  0.000000  0.000000  0.000000  0.000000
                     2.000000  2.000000  2.000000  2.000000  2.000000  2.000000
                     2.000000  2.000000  2.000000  2.000000  2.000000  2.000000
                     2.000000  2.000000  2.000000  2.000000  0.000000  0.000000
                     0.000000  0.000000  0.000000  0.000000  0.000000  0.000000
                     0.000000  0.000000  0.000000  0.000000  0.000000  0.000000
                     2.000000  2.000000  2.000000  2.000000  2.000000  2.000000
                     2.000000  2.000000  2.000000  2.000000  2.000000  2.000000
                     2.000000  2.000000  2.000000  2.000000  0.000000  0.000000
                     0.000000  0.000000  0.000000  0.000000  0.000000  0.000000
                     0.000000  0.000000  0.000000  0.000000  0.000000  0.000000
                     2.000000  2.000000  2.000000  2.000000  2.000000  2.000000
                     2.000000  2.000000  2.000000  2.000000  2.000000  2.000000
                     2.000000  2.000000  2.000000  2.000000  0.000000  0.000000
                     0.000000  0.000000  0.000000  0.000000  0.000000  0.000000
                     0.000000  0.000000  0.000000  0.000000  0.000000  0.000000
                     2.000000  2.000000  2.000000  2.000000  2.000000  2.000000
                     2.000000  2.000000  2.000000  2.000000  2.000000  2.000000
                     2.000000  2.000000  2.000000  2.000000  0.000000  0.000000
                     0.000000  0.000000  0.000000  0.000000  0.000000  0.000000
                     0.000000  0.000000  0.000000  0.000000  0.000000  0.000000
                     2.000000  2.000000  2.000000  2.000000  2.000000  2.000000
                     2.000000  2.000000  2.000000  2.000000  2.000000  2.000000
                     2.000000  2.000000  2.000000  2.000000  0.000000  0.000000
                     0.000000  0.000000  0.000000  0.000000  0.000000  0.000000
                     0.000000  0.000000  0.000000  0.000000  0.000000  0.000000
           occopt         7
        pawecutdg    6.00000000E+01 Hartree
        pawprtvol         3
        prtdensph         1
           ratsph    2.31080032E+00  1.21105161E+00 Bohr
            rprim    0.0000000000E+00  5.0000000000E-01  5.0000000000E-01
                     5.0000000000E-01  0.0000000000E+00  5.0000000000E-01
                     1.0000000000E+00  1.0000000000E+00  0.0000000000E+00
           shiftk    5.00000000E-01  5.00000000E-01  5.00000000E-01
          spgroup       166
           spinat    0.0000000000E+00  0.0000000000E+00  1.0000000000E+00
                     0.0000000000E+00  0.0000000000E+00 -1.0000000000E+00
                     0.0000000000E+00  0.0000000000E+00  0.0000000000E+00
                     0.0000000000E+00  0.0000000000E+00  0.0000000000E+00
           symafm    1 -1  1  -1  1 -1   1 -1  1      -1  1 -1   1 -1  1  -1  1 -1
                     1 -1  1  -1  1 -1
           symrel    1  0  0   0  1  0   0  0  1       1  0  0   0  1  0   0  0  1
                    -1  0  0   0 -1  0   0  0 -1      -1  0  0   0 -1  0   0  0 -1
                     0  1  0   1  0  0   0  0  1       0  1  0   1  0  0   0  0  1
                     0 -1  0  -1  0  0   0  0 -1       0 -1  0  -1  0  0   0  0 -1
                     0 -1  0   1 -1  0   0 -2  1       0 -1  0   1 -1  0   0 -2  1
                     0  1  0  -1  1  0   0  2 -1       0  1  0  -1  1  0   0  2 -1
                     1 -1  0   0 -1  0   0 -2  1       1 -1  0   0 -1  0   0 -2  1
                    -1  1  0   0  1  0   0  2 -1      -1  1  0   0  1  0   0  2 -1
                    -1  1  0  -1  0  0  -2  0  1      -1  1  0  -1  0  0  -2  0  1
                     1 -1  0   1  0  0   2  0 -1       1 -1  0   1  0  0   2  0 -1
                    -1  0  0  -1  1  0  -2  0  1      -1  0  0  -1  1  0  -2  0  1
                     1  0  0   1 -1  0   2  0 -1       1  0  0   1 -1  0   2  0 -1
            tnons    0.0000000  0.0000000  0.0000000     0.0000000  0.0000000  0.5000000
                     0.0000000  0.0000000  0.0000000     0.0000000  0.0000000  0.5000000
                     0.0000000  0.0000000  0.0000000     0.0000000  0.0000000  0.5000000
                     0.0000000  0.0000000  0.0000000     0.0000000  0.0000000  0.5000000
                     0.0000000  0.0000000  0.0000000     0.0000000  0.0000000  0.5000000
                     0.0000000  0.0000000  0.0000000     0.0000000  0.0000000  0.5000000
                     0.0000000  0.0000000  0.0000000     0.0000000  0.0000000  0.5000000
                     0.0000000  0.0000000  0.0000000     0.0000000  0.0000000  0.5000000
                     0.0000000  0.0000000  0.0000000     0.0000000  0.0000000  0.5000000
                     0.0000000  0.0000000  0.0000000     0.0000000  0.0000000  0.5000000
                     0.0000000  0.0000000  0.0000000     0.0000000  0.0000000  0.5000000
                     0.0000000  0.0000000  0.0000000     0.0000000  0.0000000  0.5000000
           toldfe    1.00000000E-08 Hartree
           tsmear    9.50044626E-04 Hartree
            typat    1  1  2  2
           useylm         1
              wtk      0.06250    0.12500    0.12500    0.12500    0.06250    0.12500
                       0.12500    0.06250    0.12500    0.06250
           xangst    0.0000000000E+00  0.0000000000E+00  0.0000000000E+00
                     2.0955417460E+00  2.0955417460E+00  0.0000000000E+00
                     2.0955417460E+00  2.0955417460E+00  2.0955417460E+00
                     4.1910834920E+00  4.1910834920E+00  2.0955417460E+00
            xcart    0.0000000000E+00  0.0000000000E+00  0.0000000000E+00
                     3.9600000000E+00  3.9600000000E+00  0.0000000000E+00
                     3.9600000000E+00  3.9600000000E+00  3.9600000000E+00
                     7.9200000000E+00  7.9200000000E+00  3.9600000000E+00
             xred    0.0000000000E+00  0.0000000000E+00  0.0000000000E+00
                     0.0000000000E+00  0.0000000000E+00  5.0000000000E-01
                     5.0000000000E-01  5.0000000000E-01  2.5000000000E-01
                     5.0000000000E-01  5.0000000000E-01  7.5000000000E-01
            znucl     28.00000    8.00000

================================================================================

 chkinp: Checking input parameters for consistency.

================================================================================
== DATASET  1 ==================================================================

 Exchange-correlation functional for the present dataset will be:
  GGA: Perdew-Burke-Ernzerhof functional - ixc=11
 Citation for XC functional:
  J.P.Perdew, K.Burke, M.Ernzerhof, PRL 77, 3865 (1996)

 Real(R)+Recip(G) space primitive vectors, cartesian coordinates (Bohr,Bohr^-1):
 R(1)=  0.0000000  3.9600000  3.9600000  G(1)= -0.1262626  0.1262626  0.1262626
 R(2)=  3.9600000  0.0000000  3.9600000  G(2)=  0.1262626 -0.1262626  0.1262626
 R(3)=  7.9200000  7.9200000  0.0000000  G(3)=  0.0631313  0.0631313 -0.0631313
 Unit cell volume ucvol=  2.4839654E+02 bohr^3
 Angles (23,13,12)=  6.00000000E+01  6.00000000E+01  6.00000000E+01 degrees

 Coarse grid specifications (used for wave-functions):

 getcut: wavevector=  0.0000  0.0000  0.0000  ngfft=  30  30  60
         ecut(hartree)=     30.000   => boxcut(ratio)=   2.17444

 Fine grid specifications (used for densities):

 getcut: wavevector=  0.0000  0.0000  0.0000  ngfft=  40  40  80
         ecut(hartree)=     60.000   => boxcut(ratio)=   2.04837

--- Pseudopotential description ------------------------------------------------
- pspini: atom type   1  psp file is /home/planteb1/Pseudopotentiels/28ni-gga.paw
- pspatm: opening atomic psp file    /home/planteb1/Pseudopotentiels/28ni-gga.paw
 Paw atomic data for element Ni - Generated by AtomPAW (N. Holzwarth) + AtomPAW2Abinit v3.1.1
  28.00000  10.00000  20070601                znucl, zion, pspdat
    7   11    2    0      1080   0.00000      pspcod,pspxc,lmax,lloc,mmax,r2well
 Pseudopotential format is: paw3
 basis_size (lnmax)=  6 (lmn_size= 18), orbitals=   0   0   1   1   2   2
 Spheres core radius: rc_sph= 2.31080032
 4 radial meshes are used:
  - mesh 1: r(i)=AA*[exp(BB*(i-1))-1], size=1080 , AA= 0.29784E-03 BB= 0.83395E-02
  - mesh 2: r(i)=AA*[exp(BB*(i-1))-1], size=1075 , AA= 0.29784E-03 BB= 0.83395E-02
  - mesh 3: r(i)=AA*[exp(BB*(i-1))-1], size=1165 , AA= 0.29784E-03 BB= 0.83395E-02
  - mesh 4: r(i)=AA*[exp(BB*(i-1))-1], size=1250 , AA= 0.29784E-03 BB= 0.83395E-02
 Shapefunction is BESSEL type: shapef(r,l)=aa(1,l)*jl(q(1,l)*r)+aa(2,l)*jl(q(2,l)*r)
 Radius for shape functions =  2.00531667
 Radial grid used for partial waves is grid 1
 Radial grid used for projectors is grid 2
 Radial grid used for (t)core density is grid 3
 Radial grid used for Vloc is grid 4
 pspatm: atomic psp has been read  and splines computed

- pspini: atom type   2  psp file is /home/planteb1/Pseudopotentiels/8o.2.paw
- pspatm: opening atomic psp file    /home/planteb1/Pseudopotentiels/8o.2.paw
 Paw atomic data extracted from US-psp (D.Vanderbilt): Oxygen
   8.00000   6.00000  20050722                znucl, zion, pspdat
    7   11    2    0       489   0.00000      pspcod,pspxc,lmax,lloc,mmax,r2well
 Pseudopotential format is: paw3
 basis_size (lnmax)=  6 (lmn_size= 18), orbitals=   0   0   1   1   2   2
 Spheres core radius: rc_sph= 1.21105161
 4 radial meshes are used:
  - mesh 1: r(i)=AA*[exp(BB*(i-1))-1], size= 489 , AA= 0.30984E-03 BB= 0.16949E-01
  - mesh 2: r(i)=AA*[exp(BB*(i-1))-1], size= 548 , AA= 0.30984E-03 BB= 0.16949E-01
  - mesh 3: r(i)=AA*[exp(BB*(i-1))-1], size= 509 , AA= 0.30984E-03 BB= 0.16949E-01
  - mesh 4: r(i)=AA*[exp(BB*(i-1))-1], size= 613 , AA= 0.30984E-03 BB= 0.16949E-01
 Shapefunction is SIN type: shapef(r)=[sin(pi*r/rshp)/(pi*r/rshp)]**2
 Radius for shape functions = sphere core radius
 Radial grid used for partial waves is grid 1
 Radial grid used for projectors is grid 2
 Radial grid used for (t)core density is grid 3
 Radial grid used for Vloc is grid 4

 psp7in: WARNING -
  Atomic data could produce inaccurate results:
    Wavefunctions and pseudo-wavefunctions should
    be given on a radial mesh larger than the PAW
    spheres (at least 2 additional points) !
  Action: check your pseudopotential file.
 pspatm: atomic psp has been read  and splines computed

   1.07975492E+03                                ecore*ucvol(ha*bohr**3)
--------------------------------------------------------------------------------

P newkpt: treating     30 bands with npw=    1935 for ikpt=   1 by node    0
P newkpt: treating     30 bands with npw=    1945 for ikpt=   2 by node    1
P newkpt: treating     30 bands with npw=    1955 for ikpt=   3 by node    2
P newkpt: treating     30 bands with npw=    1942 for ikpt=   4 by node    3
P newkpt: treating     30 bands with npw=    1958 for ikpt=   5 by node    4
P newkpt: treating     30 bands with npw=    1954 for ikpt=   6 by node    5
P newkpt: treating     30 bands with npw=    1957 for ikpt=   7 by node    6
P newkpt: treating     30 bands with npw=    1951 for ikpt=   8 by node    7
P newkpt: treating     30 bands with npw=    1961 for ikpt=   9 by node    8
P newkpt: treating     30 bands with npw=    1930 for ikpt=  10 by node    9

 setup2: Arith. and geom. avg. npw (full set) are    1950.125    1950.104

================================================================================

     iter   Etot(hartree)      deltaE(h)  residm     vres2    diffor    maxfor
 ETOT  1  -100.99712844997    -1.010E+02 7.079E+00 1.134E+05 0.000E+00 0.000E+00
 ETOT  2  -93.916700434880     7.080E+00 6.058E+00 1.396E+05 1.079E-31 1.079E-31
 ETOT  3  -108.23447118728    -1.432E+01 1.788E+01 3.358E+04 2.739E-31 1.660E-31
 ETOT  4  -110.89440208999    -2.660E+00 4.338E+00 5.670E+03 1.826E-31 4.980E-32
 ETOT  5  -111.69838055770    -8.040E-01 1.024E+00 5.892E+02 4.980E-32 0.000E+00
 ETOT  6  -111.77633137859    -7.795E-02 1.723E-01 1.036E+02 4.980E-32 4.980E-32
 ETOT  7  -111.74117882094     3.515E-02 2.532E-01 4.183E+02 4.980E-32 0.000E+00
 ETOT  8  -111.79266855283    -5.149E-02 1.635E-01 6.146E+01 4.980E-32 4.980E-32
 ETOT  9  -111.80003631527    -7.368E-03 1.501E-01 2.284E+01 4.980E-32 0.000E+00
 ETOT 10  -111.80259062855    -2.554E-03 4.962E-03 4.015E+00 0.000E+00 0.000E+00
 ETOT 11  -111.80300469035    -4.141E-04 1.398E-02 5.270E-01 0.000E+00 0.000E+00
 ETOT 12  -111.80307861856    -7.393E-05 1.391E-02 5.513E-01 0.000E+00 0.000E+00
 ETOT 13  -111.80312252389    -4.391E-05 1.234E-02 2.435E-02 0.000E+00 0.000E+00
 ETOT 14  -111.80312747219    -4.948E-06 1.578E-02 2.436E-02 0.000E+00 0.000E+00
 ETOT 15  -111.80312945171    -1.980E-06 7.276E-03 9.264E-04 0.000E+00 0.000E+00
 ETOT 16  -111.80312962578    -1.741E-07 6.460E-03 5.178E-04 0.000E+00 0.000E+00
 ETOT 17  -111.80312968273    -5.694E-08 2.362E-03 1.261E-04 0.000E+00 0.000E+00
 ETOT 18  -111.80312969103    -8.308E-09 1.862E-03 9.418E-05 0.000E+00 0.000E+00
 ETOT 19  -111.80312968820     2.829E-09 6.979E-04 2.617E-05 0.000E+00 0.000E+00

 At SCF step   19, etot is converged : 
  for the second time, diff in etot=  2.829E-09 < toldfe=  1.000E-08

 Cartesian components of stress tensor (hartree/bohr^3)
  sigma(1 1)=  1.43138351E-05  sigma(3 2)= -7.29899328E-06
  sigma(2 2)=  1.43138351E-05  sigma(3 1)= -7.29899328E-06
  sigma(3 3)=  1.43138351E-05  sigma(2 1)=  7.29899328E-06


 Integrated total density in atomic spheres:
 -------------------------------------------
 Atom  Sphere radius  Integrated_up_density  Integrated_dn_density  Total(up+dn)   Diff(up-dn)
    1        2.31080             5.12790505             3.82186783    8.94977288    1.30603722
    2        2.31080             3.82186783             5.12790505    8.94977288   -1.30603722
    3        1.21105             1.83784637             1.83784637    3.67569273   -0.00000000
    4        1.21105             1.83784637             1.83784637    3.67569273   -0.00000000
 Note: Diff(up-dn) can be considered as a rough approximation of a local magnetic moment.



 PAW TEST:
 ==== Compensation charge inside spheres ============
 The following values must be close to each other ...
 Compensation charge over spherical meshes =     14.042300115190891
 Compensation charge over fine fft grid    =     14.042277497582417

 ==== Results concerning PAW augmentation regions ====

 Total pseudopotential strength Dij (hartree):
 Atom #  1 - Spin component 1
   0.37695  -0.04150   0.00000   0.00000   0.00000   0.00000   0.00000   0.00000   0.00003  -0.00003   0.00000  -0.00003 ...
  -0.04150   9.84576   0.00000   0.00000   0.00000   0.00000   0.00000   0.00000   0.00008  -0.00008   0.00000  -0.00008 ...
   0.00000   0.00000   0.03655   0.00000  -0.00000   0.02514   0.00002  -0.00002   0.00000   0.00000   0.00000   0.00000 ...
   0.00000   0.00000   0.00000   0.03655   0.00000   0.00002   0.02514   0.00002   0.00000   0.00000   0.00000   0.00000 ...
   0.00000   0.00000  -0.00000   0.00000   0.03655  -0.00002   0.00002   0.02514   0.00000   0.00000   0.00000   0.00000 ...
   0.00000   0.00000   0.02514   0.00002  -0.00002  23.87429   0.00065  -0.00065   0.00000   0.00000   0.00000   0.00000 ...
   0.00000   0.00000   0.00002   0.02514   0.00002   0.00065  23.87429   0.00065   0.00000   0.00000   0.00000   0.00000 ...
   0.00000   0.00000  -0.00002   0.00002   0.02514  -0.00065   0.00065  23.87429   0.00000   0.00000   0.00000   0.00000 ...
   0.00003   0.00008   0.00000   0.00000   0.00000   0.00000   0.00000   0.00000  -0.04019   0.00006   0.00019   0.00006 ...
  -0.00003  -0.00008   0.00000   0.00000   0.00000   0.00000   0.00000   0.00000   0.00006  -0.04019   0.00009  -0.00006 ...
   0.00000   0.00000   0.00000   0.00000   0.00000   0.00000   0.00000   0.00000   0.00019   0.00009  -0.06339   0.00009 ...
  -0.00003  -0.00008   0.00000   0.00000   0.00000   0.00000   0.00000   0.00000   0.00006  -0.00006   0.00009  -0.04019 ...
   ...  only 12  components have been written...
 Atom #  1 - Spin component 2
   0.36923  -0.04290   0.00000   0.00000   0.00000   0.00000   0.00000   0.00000   0.00000  -0.00000   0.00000  -0.00000 ...
  -0.04290   9.88472   0.00000   0.00000   0.00000   0.00000   0.00000   0.00000   0.00002  -0.00002   0.00000  -0.00002 ...
   0.00000   0.00000   0.03611   0.00000  -0.00000   0.03911   0.00001  -0.00001   0.00000   0.00000   0.00000   0.00000 ...
   0.00000   0.00000   0.00000   0.03611   0.00000   0.00001   0.03911   0.00001   0.00000   0.00000   0.00000   0.00000 ...
   0.00000   0.00000  -0.00000   0.00000   0.03611  -0.00001   0.00001   0.03911   0.00000   0.00000   0.00000   0.00000 ...
   0.00000   0.00000   0.03911   0.00001  -0.00001  23.91187   0.00056  -0.00056   0.00000   0.00000   0.00000   0.00000 ...
   0.00000   0.00000   0.00001   0.03911   0.00001   0.00056  23.91187   0.00056   0.00000   0.00000   0.00000   0.00000 ...
   0.00000   0.00000  -0.00001   0.00001   0.03911  -0.00056   0.00056  23.91187   0.00000   0.00000   0.00000   0.00000 ...
   0.00000   0.00002   0.00000   0.00000   0.00000   0.00000   0.00000   0.00000  -0.01205   0.00007   0.00002   0.00007 ...
  -0.00000  -0.00002   0.00000   0.00000   0.00000   0.00000   0.00000   0.00000   0.00007  -0.01205   0.00001  -0.00007 ...
   0.00000   0.00000   0.00000   0.00000   0.00000   0.00000   0.00000   0.00000   0.00002   0.00001  -0.00115   0.00001 ...
  -0.00000  -0.00002   0.00000   0.00000   0.00000   0.00000   0.00000   0.00000   0.00007  -0.00007   0.00001  -0.01205 ...
   ...  only 12  components have been written...
 Atom #  4 - Spin component 1
   0.63910   1.07527   0.00030  -0.00030   0.00030   0.00046  -0.00046   0.00046  -0.00001   0.00001   0.00000   0.00001 ...
   1.07527   1.80604   0.00048  -0.00048   0.00048   0.00073  -0.00073   0.00073  -0.00001   0.00001   0.00000   0.00001 ...
   0.00030   0.00048  -0.27162  -0.00003   0.00003  -0.30227  -0.00004   0.00004  -0.00014   0.00014   0.00006  -0.00000 ...
  -0.00030  -0.00048  -0.00003  -0.27162  -0.00003  -0.00004  -0.30227  -0.00004  -0.00000  -0.00014   0.00012  -0.00014 ...
   0.00030   0.00048   0.00003  -0.00003  -0.27162   0.00004  -0.00004  -0.30227  -0.00014  -0.00000   0.00006   0.00014 ...
   0.00046   0.00073  -0.30227  -0.00004   0.00004  -0.30060  -0.00006   0.00006  -0.00020   0.00020   0.00009  -0.00000 ...
  -0.00046  -0.00073  -0.00004  -0.30227  -0.00004  -0.00006  -0.30060  -0.00006  -0.00000  -0.00020   0.00018  -0.00020 ...
   0.00046   0.00073   0.00004  -0.00004  -0.30227   0.00006  -0.00006  -0.30060  -0.00020  -0.00000   0.00009   0.00020 ...
  -0.00001  -0.00001  -0.00014  -0.00000  -0.00014  -0.00020  -0.00000  -0.00020  -0.01548  -0.00000  -0.00000  -0.00000 ...
   0.00001   0.00001   0.00014  -0.00014  -0.00000   0.00020  -0.00020  -0.00000  -0.00000  -0.01548  -0.00000   0.00000 ...
   0.00000   0.00000   0.00006   0.00012   0.00006   0.00009   0.00018   0.00009  -0.00000  -0.00000  -0.01550  -0.00000 ...
   0.00001   0.00001  -0.00000  -0.00014   0.00014  -0.00000  -0.00020   0.00020  -0.00000   0.00000  -0.00000  -0.01548 ...
   ...  only 12  components have been written...
 Atom #  4 - Spin component 2
   0.63910   1.07527  -0.00030   0.00030  -0.00030  -0.00046   0.00046  -0.00046  -0.00001   0.00001   0.00000   0.00001 ...
   1.07527   1.80604  -0.00048   0.00048  -0.00048  -0.00073   0.00073  -0.00073  -0.00001   0.00001   0.00000   0.00001 ...
  -0.00030  -0.00048  -0.27162  -0.00003   0.00003  -0.30227  -0.00004   0.00004   0.00014  -0.00014  -0.00006   0.00000 ...
   0.00030   0.00048  -0.00003  -0.27162  -0.00003  -0.00004  -0.30227  -0.00004   0.00000   0.00014  -0.00012   0.00014 ...
  -0.00030  -0.00048   0.00003  -0.00003  -0.27162   0.00004  -0.00004  -0.30227   0.00014   0.00000  -0.00006  -0.00014 ...
  -0.00046  -0.00073  -0.30227  -0.00004   0.00004  -0.30060  -0.00006   0.00006   0.00020  -0.00020  -0.00009   0.00000 ...
   0.00046   0.00073  -0.00004  -0.30227  -0.00004  -0.00006  -0.30060  -0.00006   0.00000   0.00020  -0.00018   0.00020 ...
  -0.00046  -0.00073   0.00004  -0.00004  -0.30227   0.00006  -0.00006  -0.30060   0.00020   0.00000  -0.00009  -0.00020 ...
  -0.00001  -0.00001   0.00014   0.00000   0.00014   0.00020   0.00000   0.00020  -0.01548  -0.00000  -0.00000  -0.00000 ...
   0.00001   0.00001  -0.00014   0.00014   0.00000  -0.00020   0.00020   0.00000  -0.00000  -0.01548  -0.00000   0.00000 ...
   0.00000   0.00000  -0.00006  -0.00012  -0.00006  -0.00009  -0.00018  -0.00009  -0.00000  -0.00000  -0.01550  -0.00000 ...
   0.00001   0.00001   0.00000   0.00014  -0.00014   0.00000   0.00020  -0.00020  -0.00000   0.00000  -0.00000  -0.01548 ...
   ...  only 12  components have been written...


 Augmentation waves occupancies Rhoij:
 Atom #  1 - Spin component 1
   0.40981   0.00219   0.00000   0.00000   0.00000   0.00000   0.00000   0.00000  -0.00019   0.00019   0.00000   0.00019 ...
   0.00219   0.00002   0.00000   0.00000   0.00000   0.00000   0.00000   0.00000   0.00000  -0.00000   0.00000  -0.00000 ...
   0.00000   0.00000   0.58217  -0.00235   0.00235   0.00118  -0.00000   0.00000   0.00000   0.00000   0.00000   0.00000 ...
   0.00000   0.00000  -0.00235   0.58217  -0.00235  -0.00000   0.00118  -0.00000   0.00000   0.00000   0.00000   0.00000 ...
   0.00000   0.00000   0.00235  -0.00235   0.58217   0.00000  -0.00000   0.00118   0.00000   0.00000   0.00000   0.00000 ...
   0.00000   0.00000   0.00118  -0.00000   0.00000   0.00000  -0.00000   0.00000   0.00000   0.00000   0.00000   0.00000 ...
   0.00000   0.00000  -0.00000   0.00118  -0.00000  -0.00000   0.00000  -0.00000   0.00000   0.00000   0.00000   0.00000 ...
   0.00000   0.00000   0.00000  -0.00000   0.00118   0.00000  -0.00000   0.00000   0.00000   0.00000   0.00000   0.00000 ...
  -0.00019   0.00000   0.00000   0.00000   0.00000   0.00000   0.00000   0.00000   0.94852   0.00004  -0.00006   0.00004 ...
   0.00019  -0.00000   0.00000   0.00000   0.00000   0.00000   0.00000   0.00000   0.00004   0.94852  -0.00003  -0.00004 ...
   0.00000   0.00000   0.00000   0.00000   0.00000   0.00000   0.00000   0.00000  -0.00006  -0.00003   0.90026  -0.00003 ...
   0.00019  -0.00000   0.00000   0.00000   0.00000   0.00000   0.00000   0.00000   0.00004  -0.00004  -0.00003   0.94852 ...
   ...  only 12  components have been written...
 Atom #  1 - Spin component 2
   0.43265   0.00256   0.00000   0.00000   0.00000   0.00000   0.00000   0.00000  -0.00022   0.00022   0.00000   0.00022 ...
   0.00256   0.00003   0.00000   0.00000   0.00000   0.00000   0.00000   0.00000  -0.00000   0.00000   0.00000   0.00000 ...
   0.00000   0.00000   0.61199   0.00142  -0.00142   0.00132   0.00000  -0.00000   0.00000   0.00000   0.00000   0.00000 ...
   0.00000   0.00000   0.00142   0.61199   0.00142   0.00000   0.00132   0.00000   0.00000   0.00000   0.00000   0.00000 ...
   0.00000   0.00000  -0.00142   0.00142   0.61199  -0.00000   0.00000   0.00132   0.00000   0.00000   0.00000   0.00000 ...
   0.00000   0.00000   0.00132   0.00000  -0.00000   0.00000   0.00000  -0.00000   0.00000   0.00000   0.00000   0.00000 ...
   0.00000   0.00000   0.00000   0.00132   0.00000   0.00000   0.00000   0.00000   0.00000   0.00000   0.00000   0.00000 ...
   0.00000   0.00000  -0.00000   0.00000   0.00132  -0.00000   0.00000   0.00000   0.00000   0.00000   0.00000   0.00000 ...
  -0.00022  -0.00000   0.00000   0.00000   0.00000   0.00000   0.00000   0.00000   0.98305  -0.00013   0.00187  -0.00013 ...
   0.00022   0.00000   0.00000   0.00000   0.00000   0.00000   0.00000   0.00000  -0.00013   0.98305   0.00094   0.00013 ...
   0.00000   0.00000   0.00000   0.00000   0.00000   0.00000   0.00000   0.00000   0.00187   0.00094   0.43170   0.00094 ...
   0.00022   0.00000   0.00000   0.00000   0.00000   0.00000   0.00000   0.00000  -0.00013   0.00013   0.00094   0.98305 ...
   ...  only 12  components have been written...
 Atom #  4 - Spin component 1
   1.07809  -0.05783   0.00184  -0.00184   0.00184  -0.00338   0.00338  -0.00338  -0.00105   0.00105   0.00000   0.00105 ...
  -0.05783   0.01169  -0.00837   0.00837  -0.00837  -0.00087   0.00087  -0.00087   0.00039  -0.00039   0.00000  -0.00039 ...
   0.00184  -0.00837   1.05710  -0.00084   0.00084  -0.13910  -0.00020   0.00020  -0.01600   0.01600   0.01034   0.00001 ...
  -0.00184   0.00837  -0.00084   1.05710  -0.00084  -0.00020  -0.13910  -0.00020   0.00001  -0.01600   0.02067  -0.01600 ...
   0.00184  -0.00837   0.00084  -0.00084   1.05710   0.00020  -0.00020  -0.13910  -0.01600   0.00001   0.01034   0.01600 ...
  -0.00338  -0.00087  -0.13910  -0.00020   0.00020   0.02621  -0.00005   0.00005   0.00202  -0.00202  -0.00005   0.00000 ...
   0.00338   0.00087  -0.00020  -0.13910  -0.00020  -0.00005   0.02621  -0.00005   0.00000   0.00202  -0.00009   0.00202 ...
  -0.00338  -0.00087   0.00020  -0.00020  -0.13910   0.00005  -0.00005   0.02621   0.00202   0.00000  -0.00005  -0.00202 ...
  -0.00105   0.00039  -0.01600   0.00001  -0.01600   0.00202   0.00000   0.00202   0.00560  -0.00024  -0.00037  -0.00024 ...
   0.00105  -0.00039   0.01600  -0.01600   0.00001  -0.00202   0.00202   0.00000  -0.00024   0.00560  -0.00019   0.00024 ...
   0.00000   0.00000   0.01034   0.02067   0.01034  -0.00005  -0.00009  -0.00005  -0.00037  -0.00019   0.00613  -0.00019 ...
   0.00105  -0.00039   0.00001  -0.01600   0.01600   0.00000   0.00202  -0.00202  -0.00024   0.00024  -0.00019   0.00560 ...
   ...  only 12  components have been written...
 Atom #  4 - Spin component 2
   1.07809  -0.05783  -0.00184   0.00184  -0.00184   0.00338  -0.00338   0.00338  -0.00105   0.00105   0.00000   0.00105 ...
  -0.05783   0.01169   0.00837  -0.00837   0.00837   0.00087  -0.00087   0.00087   0.00039  -0.00039   0.00000  -0.00039 ...
  -0.00184   0.00837   1.05710  -0.00084   0.00084  -0.13910  -0.00020   0.00020   0.01600  -0.01600  -0.01034  -0.00001 ...
   0.00184  -0.00837  -0.00084   1.05710  -0.00084  -0.00020  -0.13910  -0.00020  -0.00001   0.01600  -0.02067   0.01600 ...
  -0.00184   0.00837   0.00084  -0.00084   1.05710   0.00020  -0.00020  -0.13910   0.01600  -0.00001  -0.01034  -0.01600 ...
   0.00338   0.00087  -0.13910  -0.00020   0.00020   0.02621  -0.00005   0.00005  -0.00202   0.00202   0.00005  -0.00000 ...
  -0.00338  -0.00087  -0.00020  -0.13910  -0.00020  -0.00005   0.02621  -0.00005  -0.00000  -0.00202   0.00009  -0.00202 ...
   0.00338   0.00087   0.00020  -0.00020  -0.13910   0.00005  -0.00005   0.02621  -0.00202  -0.00000   0.00005   0.00202 ...
  -0.00105   0.00039   0.01600  -0.00001   0.01600  -0.00202  -0.00000  -0.00202   0.00560  -0.00024  -0.00037  -0.00024 ...
   0.00105  -0.00039  -0.01600   0.01600  -0.00001   0.00202  -0.00202  -0.00000  -0.00024   0.00560  -0.00019   0.00024 ...
   0.00000   0.00000  -0.01034  -0.02067  -0.01034   0.00005   0.00009   0.00005  -0.00037  -0.00019   0.00613  -0.00019 ...
   0.00105  -0.00039  -0.00001   0.01600  -0.01600  -0.00000  -0.00202   0.00202  -0.00024   0.00024  -0.00019   0.00560 ...
   ...  only 12  components have been written...


================================================================================

 ----iterations are completed or convergence reached----

 Mean square residual over all n,k,spin=   7.2378E-06; max=  6.9790E-04
   0.1250  0.1250  0.2500    1  5.81650E-09 kpt; spin; max resid(k); each band:
  5.89E-11 5.21E-11 6.37E-10 1.83E-09 2.15E-09 5.96E-10 2.56E-09 1.58E-09
  1.37E-09 2.16E-09 6.62E-10 4.61E-09 1.09E-09 7.42E-10 3.44E-09 2.29E-09
  8.87E-10 1.88E-09 1.04E-10 1.25E-09 5.17E-10 8.47E-10 3.16E-10 4.67E-09
  5.82E-09 2.36E-09 1.65E-09 5.29E-09 1.74E-09 3.08E-09
   0.3750  0.1250  0.2500    1  4.80976E-06 kpt; spin; max resid(k); each band:
  5.09E-11 9.01E-11 3.63E-10 8.97E-10 1.29E-09 1.17E-09 2.15E-09 3.38E-09
  5.85E-10 6.35E-10 2.10E-09 1.46E-09 2.53E-09 2.23E-09 3.12E-09 4.75E-10
  2.26E-09 1.86E-09 8.70E-10 3.78E-10 2.55E-09 4.27E-09 4.20E-09 1.35E-09
  3.81E-10 5.55E-10 3.53E-09 6.62E-09 2.27E-07 4.81E-06
  -0.3750  0.1250  0.2500    1  2.78174E-08 kpt; spin; max resid(k); each band:
  5.38E-11 8.24E-11 7.74E-10 3.40E-10 2.42E-09 4.72E-09 1.44E-09 8.74E-10
  6.12E-09 1.13E-09 1.15E-09 1.80E-09 1.41E-09 1.90E-09 9.54E-10 6.27E-10
  1.03E-09 1.89E-09 1.40E-09 1.36E-10 6.22E-10 2.42E-10 1.09E-08 1.46E-09
  5.78E-10 3.56E-10 2.98E-09 2.89E-09 4.76E-09 2.78E-08
  -0.1250  0.1250  0.2500    1  6.97901E-04 kpt; spin; max resid(k); each band:
  5.11E-11 6.90E-11 1.30E-09 1.79E-09 1.19E-09 2.34E-09 1.39E-09 3.88E-09
  2.75E-09 1.12E-09 1.36E-09 3.24E-09 1.13E-09 3.83E-09 1.69E-09 1.69E-09
  2.62E-09 1.43E-09 2.03E-09 8.71E-10 4.80E-10 4.07E-09 5.19E-09 3.80E-10
  1.84E-09 2.98E-09 4.03E-09 1.37E-09 6.78E-07 6.98E-04
   0.3750  0.3750  0.2500    1  3.66472E-04 kpt; spin; max resid(k); each band:
  6.15E-11 7.99E-11 1.18E-09 1.08E-09 2.63E-09 1.73E-09 1.07E-09 1.62E-09
  1.02E-09 6.54E-10 1.99E-09 3.88E-10 7.33E-10 5.47E-09 1.22E-09 1.45E-09
  2.70E-09 1.45E-09 1.72E-09 2.42E-09 2.07E-10 1.53E-09 3.79E-10 9.30E-09
  9.38E-11 7.87E-10 3.42E-09 3.58E-09 1.89E-09 3.66E-04
  -0.3750  0.3750  0.2500    1  1.38109E-08 kpt; spin; max resid(k); each band:
  8.48E-11 7.12E-11 6.31E-10 6.97E-10 9.48E-10 2.09E-09 1.25E-09 1.49E-09
  1.15E-09 6.77E-10 9.82E-10 2.89E-09 9.95E-10 2.38E-09 2.17E-09 2.32E-09
  2.00E-09 9.36E-10 1.61E-10 1.83E-09 2.03E-10 1.98E-09 4.80E-09 2.89E-09
  2.30E-10 6.84E-11 1.99E-09 5.53E-09 4.52E-09 1.38E-08
  -0.1250  0.3750  0.2500    1  5.90931E-08 kpt; spin; max resid(k); each band:
  6.77E-11 6.58E-11 1.72E-09 3.24E-10 1.23E-09 9.71E-10 1.09E-09 3.58E-09
  3.00E-10 5.07E-10 1.65E-09 1.49E-09 1.09E-09 1.87E-09 2.18E-09 8.44E-10
  2.00E-09 2.69E-09 1.24E-09 1.61E-10 2.03E-09 1.38E-09 3.31E-09 3.47E-09
  2.80E-10 1.77E-10 2.19E-09 3.40E-09 6.70E-09 5.91E-08
  -0.3750 -0.3750  0.2500    1  8.58850E-09 kpt; spin; max resid(k); each band:
  4.74E-11 6.98E-11 6.27E-10 2.60E-10 3.27E-09 9.01E-10 3.18E-09 9.97E-10
  4.39E-09 1.16E-09 2.39E-09 6.01E-09 2.26E-09 3.37E-09 8.64E-10 8.11E-10
  1.99E-09 2.37E-09 3.39E-10 1.41E-10 9.14E-10 1.54E-09 8.59E-09 3.71E-10
  2.28E-10 1.40E-10 1.75E-09 1.93E-09 6.54E-09 5.94E-09
  -0.1250 -0.3750  0.2500    1  4.28326E-04 kpt; spin; max resid(k); each band:
  6.38E-11 6.38E-11 8.63E-10 1.54E-09 1.52E-09 2.32E-09 8.40E-10 4.83E-10
  5.70E-09 1.81E-09 1.05E-09 1.50E-09 4.11E-10 1.89E-09 3.08E-09 1.26E-09
  2.99E-09 1.31E-09 2.28E-09 1.18E-09 8.79E-10 4.55E-10 2.08E-09 7.65E-09
  2.50E-10 4.16E-10 3.68E-09 2.76E-09 3.22E-09 4.28E-04
  -0.1250 -0.1250  0.2500    1  6.70958E-04 kpt; spin; max resid(k); each band:
  5.49E-11 5.10E-11 6.13E-10 1.22E-09 1.62E-09 2.29E-09 1.12E-09 6.33E-10
  2.18E-09 6.00E-10 5.35E-10 9.10E-10 2.57E-09 3.83E-09 2.99E-09 3.78E-09
  3.90E-09 2.06E-09 1.85E-09 8.73E-10 2.20E-09 4.38E-09 2.03E-09 1.97E-09
  4.25E-10 2.85E-09 1.93E-09 3.93E-09 1.33E-06 6.71E-04
 reduced coordinates (array xred) for    4 atoms
       0.000000000000      0.000000000000      0.000000000000
       0.000000000000      0.000000000000      0.500000000000
       0.500000000000      0.500000000000      0.250000000000
       0.500000000000      0.500000000000      0.750000000000
 rms dE/dt=  0.0000E+00; max dE/dt=  0.0000E+00; dE/dt below (all hartree)
    1       0.000000000000      0.000000000000      0.000000000000
    2       0.000000000000      0.000000000000      0.000000000000
    3       0.000000000000      0.000000000000      0.000000000000
    4       0.000000000000      0.000000000000      0.000000000000

 cartesian coordinates (angstrom) at end:
    1      0.00000000000000     0.00000000000000     0.00000000000000
    2      2.09554174601640     2.09554174601640     0.00000000000000
    3      2.09554174601640     2.09554174601640     2.09554174601640
    4      4.19108349203280     4.19108349203280     2.09554174601640

 cartesian forces (hartree/bohr) at end:
    1     -0.00000000000000    -0.00000000000000    -0.00000000000000
    2     -0.00000000000000    -0.00000000000000    -0.00000000000000
    3     -0.00000000000000    -0.00000000000000    -0.00000000000000
    4     -0.00000000000000    -0.00000000000000    -0.00000000000000
 frms,max,avg= 0.0000000E+00 0.0000000E+00   0.000E+00  0.000E+00  0.000E+00 h/b

 cartesian forces (eV/Angstrom) at end:
    1     -0.00000000000000    -0.00000000000000    -0.00000000000000
    2     -0.00000000000000    -0.00000000000000    -0.00000000000000
    3     -0.00000000000000    -0.00000000000000    -0.00000000000000
    4     -0.00000000000000    -0.00000000000000    -0.00000000000000
 frms,max,avg= 0.0000000E+00 0.0000000E+00   0.000E+00  0.000E+00  0.000E+00 e/A
 length scales=  7.920000000000  7.920000000000  7.920000000000 bohr
              =  4.191083492033  4.191083492033  4.191083492033 angstroms
 prteigrs : about to open file testxo_EIG
 Fermi (or HOMO) energy (hartree) =   0.30140   Average Vxc (hartree)=  -0.46323
 Eigenvalues (hartree) for nkpt=  10  k points:
 kpt#   1, nband= 30, wtk=  0.06250, kpt=  0.1250  0.1250  0.2500 (reduced coord)
  -0.42245  -0.37864   0.03070   0.11076   0.11873   0.16277   0.18011   0.18054
   0.23265   0.23652   0.24094   0.25966   0.26404   0.27565   0.28379   0.28697
   0.35135   0.35453   0.40944   0.55255   0.67641   0.78941   0.84606   0.86874
   0.98428   0.98443   1.04628   1.10326   1.10332   1.11891
      occupation numbers for kpt#   1
   2.00000   2.00000   2.00000   2.00000   2.00000   2.00000   2.00000   2.00000
   2.00000   2.00000   2.00000   2.00000   2.00000   2.00000   2.00000   2.00000
   0.00000   0.00000   0.00000   0.00000   0.00000   0.00000   0.00000   0.00000
   0.00000   0.00000   0.00000   0.00000   0.00000   0.00000
 kpt#   2, nband= 30, wtk=  0.12500, kpt=  0.3750  0.1250  0.2500 (reduced coord)
  -0.39612  -0.37404   0.07028   0.07294   0.10057   0.12179   0.13027   0.14090
   0.23701   0.24629   0.25410   0.26285   0.27256   0.27658   0.28895   0.29428
   0.33557   0.35848   0.51343   0.61706   0.68145   0.71906   0.73749   0.81838
   0.85193   0.89863   1.04864   1.08559   1.13942   1.20582
      occupation numbers for kpt#   2
   2.00000   2.00000   2.00000   2.00000   2.00000   2.00000   2.00000   2.00000
   2.00000   2.00000   2.00000   2.00000   2.00000   2.00000   2.00000   2.00000
   0.00000   0.00000   0.00000   0.00000   0.00000   0.00000   0.00000   0.00000
   0.00000   0.00000   0.00000   0.00000   0.00000   0.00000
 kpt#   3, nband= 30, wtk=  0.12500, kpt= -0.3750  0.1250  0.2500 (reduced coord)
